4294967278,17
4294967278,16
4294967278,15
4243767290,0
4243767290,3
4243767290,2
4294967294,18
4294967294,14
4294967294,20
4294967278,19
4294967278,18
4294967278,313
4294967278,312
4294967279,323
4294967278,256
4294967279,322
4294967278,21
4294967278,20
4294967278,311
4294967278,310
4294967278,25
4294967278,24
4294967278,23
4294967278,22
4294967279,321
4294967278,255
4294967279,320
4294967278,309
4294967279,319
4294967278,308
4294967279,318
4294967278,252
4294967279,317
4294967278,251
4294967279,316
4294967278,27
4294967278,26
4294967278,249
4294967279,315
4294967278,247
4294967278,29
4294967278,28
4294967278,245
4294967278,243
4294967278,30
4294967278,241
4294967278,31
4294967278,239
4294967278,32
4294967279,314
4294967278,34
4294967278,33
4294967278,307
4294967278,306
4294967278,36
4294967278,35
4294967279,22
4294967279,20
4294967279,19
4294967279,18
4294967279,17
4294967279,15
4294967278,235
4294967294,387
4294967294,388
4294967294,51
4294967294,165
4294967294,113
4294967294,167
4294967294,162
4294967294,177
4294967294,176
4294967294,899
4294967294,97
4294967294,189
4294967294,74
4294967294,174
4294967294,164
4294967294,163
4294967279,14
4294967279,12
4294967278,230
4294967278,228
4294967278,226
4294967278,224
4294967278,222
4294967278,220
4294967294,41
4294967278,218
4294967294,43
4294967278,217
4294967294,44
4294967278,214
4294967279,313
4294967278,305
4294967279,312
4294967278,304
4294967279,311
4294967278,303
4294967279,310
4294967278,302
4294967279,309
4294967278,301
4294967279,308
4294967278,300
4294967279,307
4294967278,299
4294967279,306
4294967278,298
4294967279,305
4294967278,297
4294967294,52
4294967278,296
4294967279,304
4294967278,295
4294967279,303
4294967294,76
4294967294,99
4294967294,82
4294967278,198
4294967278,197
4294967278,196
4294967278,195
4294967278,194
4294967278,193
4294967294,50
4294967278,294
4294967279,302
4294967278,293
4294967279,301
4294967278,292
4294967279,300
4294967278,291
4294967279,299
4294967294,175
4294967294,173
4294967294,15
4294967294,185
4294967294,104
4294967294,106
4294967294,169
4294967294,170
4294967278,188
4294967278,187
4294967294,115
4294967294,112
4294967294,161
4294967294,384
4294967294,184
4294967294,180
4294967294,183
4294967294,182
4294967294,424
4294967294,5
4294967294,12
4294967294,166
4294967294,24
4294967294,160
4294967294,168
4294967279,298
4294967278,290
4294967278,0
4294967278,172
11,5
4294967278,171
11,4
11,3
11,2
11,1
4294967279,297
4294967278,170
4294967294,439
4294967294,389
4294967294,114
4294967278,289
4294967279,296
4294967278,168
4294967278,167
4294967278,166
10,6
10,5
4294967278,165
10,4
10,3
10,2
10,1
4294967279,295
4294967294,9
4294967278,164
4294967294,471
4294967294,469
4294967294,974
4294967294,968
4294967278,288
4294967279,294
4294967278,162
4294967278,161
4294967278,160
9,4
9,3
9,2
9,1
4294967279,293
4294967279,260
4294967279,0
4294967278,159
4294967278,158
4294967278,157
4294967278,156
8,6
8,5
4294967278,155
8,4
8,3
8,2
8,1
4294967279,292
4294967278,154
4294967278,287
4294967279,291
4294967278,152
4294967278,151
7,6
7,5
7,4
7,3
7,2
7,1
4294967279,290
4294967279,289
6,9
6,8
6,7
6,6
6,5
6,4
6,3
6,2
6,1
4294967294,1418
4294967294,1417
4294967294,390
4294967294,428
4294967294,7
5,5
5,4
5,3
5,2
5,1
4294967278,132
4294967278,131
4294967278,130
4294967278,129
4294967278,128
4294967278,127
4294967278,126
4294967278,125
4294967278,124
4294967278,123
4294967278,122
4294967278,121
4294967278,120
4294967278,119
4294967278,118
4294967278,117
4294967278,116
4294967278,115
4294967278,114
4294967278,113
4294967278,112
4294967278,111
4294967278,110
4294967278,109
4294967278,108
4294967278,107
4294967278,106
4294967278,105
4294967278,104
4294967278,103
4294967278,102
4294967278,101
4294967278,100
4294967278,99
4294967278,98
4294967278,97
4294967278,96
4294967278,95
4294967278,94
4294967278,93
4294967278,92
4294967278,91
4294967278,90
4294967278,89
4294967278,87
4294967278,86
4294967278,85
4294967278,84
4294967278,83
4294967278,82
4294967278,81
4294967278,80
4294967278,79
4294967278,78
4294967278,77
4294967278,76
4294967278,75
4294967278,74
4294967278,73
4294967278,72
4294967278,71
4294967278,70
4294967278,69
4294967278,68
4294967278,67
4294967278,66
4294967278,65
4294967278,64
4294967278,63
4294967278,62
4294967278,61
4294967278,60
4294967278,59
4294967278,58
4294967278,57
